"X1","X2","X3","X4","X5","X6","X7"
0,0.807132099710096,0.819965917280303,0.718748648231863,0.760367011019813,0.768639916023852,0.52000274850848
0.807132099710096,0,0.515151057221309,0.583183625945981,0.719037901749128,0.608586663117102,0.713628806938535
0.819965917280303,0.515151057221309,0,0.512506194861583,0.603940127694672,0.550281692265016,0.697346086224954
0.718748648231863,0.583183625945981,0.512506194861583,0,0.524542177559284,0.566714461814538,0.626156110518976
0.760367011019813,0.719037901749128,0.603940127694672,0.524542177559284,0,0.634919671275743,0.682783899921244
0.768639916023852,0.608586663117102,0.550281692265016,0.566714461814538,0.634919671275743,0,0.675016659597257
0.52000274850848,0.713628806938535,0.697346086224954,0.626156110518976,0.682783899921244,0.675016659597257,0
