"X1","X2","X3","X4","X5","X6","X7"
0,0.730532904531112,0.742738904149172,0.636121131963426,0.654795884217925,0.748413052770055,0.369182544704533
0.730532904531112,0,0.357246709480996,0.422395795604965,0.550878687264048,0.46255511068237,0.659030065086004
0.742738904149172,0.357246709480996,0,0.349357012907461,0.430335731766405,0.377008707236401,0.652088999425974
0.636121131963426,0.422395795604965,0.349357012907461,0,0.399600873604726,0.416219894091256,0.569045466397856
0.654795884217925,0.550878687264048,0.430335731766405,0.399600873604726,0,0.483860278757476,0.602487194032706
0.748413052770055,0.46255511068237,0.377008707236401,0.416219894091256,0.483860278757476,0,0.676225960594547
0.369182544704533,0.659030065086004,0.652088999425974,0.569045466397856,0.602487194032706,0.676225960594547,0
